# Flip 7 all-94 round-score pmf under the exact optimal solitaire policy
# (Monte-Carlo, 200000000 rollouts; score probability)
0 0.3271940000
1 0.0003773050
2 0.0011560050
3 0.0011674250
4 0.0019708100
5 0.0020323450
6 0.0028904500
7 0.0030194750
8 0.0039318850
9 0.0041838900
10 0.0051788500
11 0.0055758900
12 0.0062896950
13 0.0022906400
14 0.0025954250
15 0.0030543800
16 0.0031991950
17 0.0036239650
18 0.0036267600
19 0.0039797100
20 0.0037096100
21 0.0040544650
22 0.0034648750
23 0.0342553550
24 0.0201086400
25 0.0415707050
26 0.0499315300
27 0.0551698500
28 0.0510218350
29 0.0502630500
30 0.0485990550
31 0.0425077000
32 0.0323404800
33 0.0311869900
34 0.0205820700
35 0.0163630550
36 0.0133679700
37 0.0090932800
38 0.0073379250
39 0.0057864350
40 0.0050114250
41 0.0039065700
42 0.0035260700
43 0.0025910700
44 0.0034744250
45 0.0021643650
46 0.0030964950
47 0.0017189500
48 0.0034436800
49 0.0013456450
50 0.0034840300
51 0.0010540100
52 0.0032616150
53 0.0008833700
54 0.0032743750
55 0.0007743400
56 0.0029817300
57 0.0007290450
58 0.0027783450
59 0.0006325100
60 0.0026307750
61 0.0006038750
62 0.0022746650
63 0.0005541450
64 0.0019860300
65 0.0005205900
66 0.0017802800
67 0.0005167700
68 0.0014601250
69 0.0004972450
70 0.0012097350
71 0.0004604000
72 0.0009159700
73 0.0003718450
74 0.0006995900
75 0.0002977350
76 0.0005697950
77 0.0002147200
78 0.0004663500
79 0.0001280100
80 0.0003513700
81 0.0000973500
82 0.0003011450
83 0.0000702050
84 0.0002682400
85 0.0000483500
86 0.0002135450
87 0.0000323600
88 0.0001914300
89 0.0000241300
90 0.0001689200
91 0.0000217500
92 0.0001511800
93 0.0000210950
94 0.0001320250
95 0.0000218800
96 0.0001163000
97 0.0000236000
98 0.0001016350
99 0.0000251400
100 0.0000925850
101 0.0000273850
102 0.0000732200
103 0.0000274100
104 0.0000599400
105 0.0000309000
106 0.0000522150
107 0.0000342050
108 0.0000406950
109 0.0000386150
110 0.0000336450
111 0.0000418700
112 0.0000239600
113 0.0000458450
114 0.0000212000
115 0.0000486650
116 0.0000102850
117 0.0000519300
118 0.0000076750
119 0.0000525900
120 0.0000058100
121 0.0000540150
122 0.0000037200
123 0.0000525900
124 0.0000025650
125 0.0000515900
126 0.0000010350
127 0.0000485700
128 0.0000005900
129 0.0000464300
130 0.0000003750
131 0.0000385050
132 0.0000001850
133 0.0000357700
134 0.0000000750
135 0.0000295200
136 0.0000000350
137 0.0000250100
138 0.0000000300
139 0.0000190650
141 0.0000170200
143 0.0000088550
145 0.0000065250
147 0.0000046800
149 0.0000029600
151 0.0000022250
153 0.0000008700
155 0.0000005550
157 0.0000003400
159 0.0000002100
161 0.0000000550
163 0.0000000200
165 0.0000000250
